0,610
0,609
0,608
0,607
0,606
0,605
0,603
0,602
0,601
0,600
0,599
0,598
0,597
0,596
0,594
0,592
0,591
0,590
0,589
0,588
0,587
0,584
0,582
0,581
0,579
0,576
0,574
0,573
0,568
0,563
0,562
0,559
0,555
0,542
0,539
0,536
0,535
0,532
0,531
0,530
0,520
0,518
0,510
0,509
0,508
0,507
0,506
0,505
0,503
0,502
0,498
0,497
0,496
18,1
18,3
0,495
0,494
0,492
0,490
0,487
0,486
0,485
0,484
0,483
0,481
14,1
0,480
0,479
0,478
0,477
0,476
0,475
0,474
14,58
14,3
13,1
13,4
13,3
0,473
0,471
0,470
0,469
0,468
0,467
0,466
0,465
0,464
0,463
0,462
0,460
0,459
0,458
0,457
0,454
0,453
0,452
0,451
0,447
0,389
0,383
0,382
0,380
0,379
0,378
0,377
0,376
0,375
0,374
0,373
0,372
0,371
0,370
0,368
0,362
0,361
0,360
0,359
0,358
0,357
0,356
0,355
0,354
0,353
2,2
2,1
2,3
0,352
0,350
0,348
0,347
0,346
0,345
0,344
0,343
0,342
0,340
0,339
0,338
0,337
0,336
0,335
0,334
0,333
0,332
0,331
0,330
0,328
0,327
0,326
0,325
0,324
0,323
0,322
0,321
0,320
0,318
0,315
0,314
0,313
0,312
0,308
0,306
0,304
0,302
0,278
0,243
0,9
0,0
2143,34
2143,33
2143,32
2143,31
2143,30
2143,29
2143,28
2143,27
2143,26
2143,25
2143,24
2143,23
2143,22
2143,21
2143,20
2143,19
2143,18
2143,17
2143,16
2143,15
2143,14
2143,13
2143,12
2143,11
2143,10
2143,9
2143,8
2143,7
2143,6
2143,5
2143,4
2143,3
2143,2
2143,0
0,662
0,674
0,673
0,664
0,633
0,628
0,625
0,670
0,667
0,666
0,276
0,669
0,668
0,275
0,629
0,272
0,595
0,271
0,615
0,12
0,583
0,10
0,684
0,8
0,501
0,450
0,268
0,341
0,449
0,267
0,500
0,448
0,266
0,640
0,445
0,265
0,541
0,444
0,264
0,369
0,443
0,263
0,499
0,442
0,262
0,634
0,441
0,261
0,440
0,260
0,329
0,438
0,259
0,534
0,437
0,258
0,561
0,436
0,257
0,537
0,435
0,256
0,472
0,434
0,255
0,386
0,433
0,254
0,351
0,432
0,253
0,553
0,431
0,252
0,367
0,430
0,251
0,527
0,429
0,250
0,617
0,428
0,249
0,543
0,427
0,248
0,365
0,426
0,247
0,493
0,425
0,246
0,580
0,424
0,245
0,540
0,423
0,244
0,526
0,422
0,242
0,525
0,611
0,612
0,614
0,618
0,622
0,623
0,627
0,636
0,637
0,639
0,641
0,643
0,646
0,648
0,650
0,651
